a:4:{s:4:"code";s:28:"code_61810001ee79d2.80054014";s:9:"client_id";s:20:"client_614851cd21d8b";s:9:"expiresIn";i:1635844397;s:7:"user_id";i:0;}
a:4:{s:4:"code";s:28:"code_618102216bc1e1.07511043";s:9:"client_id";s:20:"client_614851cd21d8b";s:9:"expiresIn";i:1635844941;s:7:"user_id";i:0;}
a:4:{s:4:"code";s:28:"code_618102892cb353.10851789";s:9:"client_id";s:20:"client_614851cd21d8b";s:9:"expiresIn";i:1635845045;s:7:"user_id";i:0;}
a:4:{s:4:"code";s:28:"code_6181029ade01e7.37288646";s:9:"client_id";s:20:"client_614851cd21d8b";s:9:"expiresIn";i:1635845062;s:7:"user_id";i:0;}